74 10 8 80 25000000000 25000000000
64 65 66 67 68 69 70 71 72 73 
0 64 25000000000 2us 0
1 64 25000000000 2us 0
2 64 25000000000 2us 0
3 64 25000000000 2us 0
4 64 25000000000 2us 0
5 64 25000000000 2us 0
6 64 25000000000 2us 0
7 64 25000000000 2us 0
8 65 25000000000 2us 0
9 65 25000000000 2us 0
10 65 25000000000 2us 0
11 65 25000000000 2us 0
12 65 25000000000 2us 0
13 65 25000000000 2us 0
14 65 25000000000 2us 0
15 65 25000000000 2us 0
16 66 25000000000 2us 0
17 66 25000000000 2us 0
18 66 25000000000 2us 0
19 66 25000000000 2us 0
20 66 25000000000 2us 0
21 66 25000000000 2us 0
22 66 25000000000 2us 0
23 66 25000000000 2us 0
24 67 25000000000 2us 0
25 67 25000000000 2us 0
26 67 25000000000 2us 0
27 67 25000000000 2us 0
28 67 25000000000 2us 0
29 67 25000000000 2us 0
30 67 25000000000 2us 0
31 67 25000000000 2us 0
32 68 25000000000 2us 0
33 68 25000000000 2us 0
34 68 25000000000 2us 0
35 68 25000000000 2us 0
36 68 25000000000 2us 0
37 68 25000000000 2us 0
38 68 25000000000 2us 0
39 68 25000000000 2us 0
40 69 25000000000 2us 0
41 69 25000000000 2us 0
42 69 25000000000 2us 0
43 69 25000000000 2us 0
44 69 25000000000 2us 0
45 69 25000000000 2us 0
46 69 25000000000 2us 0
47 69 25000000000 2us 0
48 70 25000000000 2us 0
49 70 25000000000 2us 0
50 70 25000000000 2us 0
51 70 25000000000 2us 0
52 70 25000000000 2us 0
53 70 25000000000 2us 0
54 70 25000000000 2us 0
55 70 25000000000 2us 0
56 71 25000000000 2us 0
57 71 25000000000 2us 0
58 71 25000000000 2us 0
59 71 25000000000 2us 0
60 71 25000000000 2us 0
61 71 25000000000 2us 0
62 71 25000000000 2us 0
63 71 25000000000 2us 0
64 72 25000000000 2us 0
64 73 25000000000 2us 0
65 72 25000000000 2us 0
65 73 25000000000 2us 0
66 72 25000000000 2us 0
66 73 25000000000 2us 0
67 72 25000000000 2us 0
67 73 25000000000 2us 0
68 72 25000000000 2us 0
68 73 25000000000 2us 0
69 72 25000000000 2us 0
69 73 25000000000 2us 0
70 72 25000000000 2us 0
70 73 25000000000 2us 0
71 72 25000000000 2us 0
71 73 25000000000 2us 0
